# Iris Data Set Project 

<div align="center">

![Image description](https://encrypted-tbn0.gstatic.com/images?q=tbn%3AANd9GcSc7Jl6bcb1TdRtshoHjGp1ntTS2MZkBSgpX67NkHgXjRmhYgkU&usqp=CAU) 
<div align="center">

Name | ID Number
------------ | -------------
Colm Higgins| G00287906

<div align="left">
This repository contains the files for the project in the Programming and Scripting module 2020. Key pieces of this repository include the following files which will be explained in more detail below.**For quick acces to the files just click on them.**

* [IRIS.csv](https://github.com/colmhiggs11/ProandS_Project/blob/master/IRIS.csv)
* [analysis.py](https://github.com/colmhiggs11/ProandS_Project/blob/master/1.%20analysis.py)
* [Summary.txt](https://github.com/colmhiggs11/ProandS_Project/blob/master/summary.txt)
* Plots (folder containing below outputs) 
    * Histogram Plots
    * Scatter Plots
    * Violin Plots
    * Correlation Heatmap

How to analyse/investigate a dataset.


## 1.  Introduction / Description
    What - This project is an analysis of the well known Iris dataset for the Intoduction to Programming and Scripting module as part fulfilment of the Higher Diploma in Science in Computing (Data Analytics). The project focuses on the widely known Fischer Iris. It requires research and analysis of the dataset and presentation of the findings 

## Table of Contents
* [1. Introduction / Description](#1-introduction--description)

* [2. Usage](#2-Usage)

* [3. Installation](#2-installation)

* [3. Contributors](#2-contributors)

* [3. Guides and resources](#2-installation)

* [3. API](#3-API)

* [3. License](#4-License)

* [3. References](#2-installation)

* [3. Useful tools](#2-installation)

* [3. Credits](#2-installation)

* [3. Contribute](#2-installation)






How - 


## 2. Iris Data
### R Fischer
### Data
The use of multiple measurements in taxonomic problems as an example of linear discriminant analysis"
The dataset consists of 50 samples from each of three species of IRIS. Four features from each of the species were measured including: Sepal length & width and Petal length & width
### Assumptions / Analysis

## 3. Code
### How it was written/ How to run
#### Python
Pandas 
Seaborn 
Matplotlib
### What it does

## Analysis of Data
	Histograms
	Scatterplots
	Summary.txt
		Data 
		Explanation
		Images 
	Violin Plots
	Correlations

Program - Analysis.py
	Functions
		Scatterplot of Variables
		Histogram Of Variables
		Summary of Variables to .txt file
			Commets included for all
		Correlation
		Violin Plots


## Summary / Outcomes
	Verginicas and versicoulours are difficult to separate
	Attributes that single out particular flower type.

## References

## Licence

## Contents of Repository
	Histogram.PNG
	Scatterplot.PNG
	Violin.PNG
	Correlation table.PNG
	Summary.txt
	README.md
	IRIS.csv 
	Analysis.PY





























Correlation of Overall Iris flower data
              sepal-length  sepal-width  petal-length  petal-width
sepal-length      1.000000    -0.117570      0.871754     0.817941
sepal-width      -0.117570     1.000000     -0.428440    -0.366126
petal-length      0.871754    -0.428440      1.000000     0.962865
petal-width       0.817941    -0.366126      0.962865     1.000000

Correlation of Iris Setosa flower data
               sepal-length  sepal-width  petal-length  petal-width
sepal-length      1.000000     0.742547      0.267176     0.278098
sepal-width       0.742547     1.000000      0.177700     0.232752
petal-length      0.267176     0.177700      1.000000     0.331630
petal-width       0.278098     0.232752      0.331630     1.000000
Correlation of Iris versicolor flower data
               sepal-length  sepal-width  petal-length  petal-width
sepal-length      1.000000     0.525911      0.754049     0.546461
sepal-width       0.525911     1.000000      0.560522     0.663999
petal-length      0.754049     0.560522      1.000000     0.786668
petal-width       0.546461     0.663999      0.786668     1.000000
Correlation of Iris virginica flower data
               sepal-length  sepal-width  petal-length  petal-width
sepal-length      1.000000     0.457228      0.864225     0.281108
sepal-width       0.457228     1.000000      0.401045     0.537728
petal-length      0.864225     0.401045      1.000000     0.322108
petal-width       0.281108     0.537728      0.322108     1.000000